0.010000 0.999988
0.020000 0.999952
0.029999 0.999892
0.039997 0.999808
0.049995 0.999700
0.059991 0.999569
0.069986 0.999413
0.079980 0.999233
0.089971 0.999030
0.099960 0.998802
0.109947 0.998551
0.119931 0.998276
0.129912 0.997976
0.139890 0.997653
0.149865 0.997306
0.159837 0.996935
0.169804 0.996540
0.179767 0.996121
0.189726 0.995678
0.199681 0.995211
0.209630 0.994720
0.219575 0.994205
0.229514 0.993665
0.239448 0.993102
0.249376 0.992514
0.259298 0.991902
0.269214 0.991266
0.279124 0.990606
0.289026 0.989921
0.298922 0.989211
0.308811 0.988477
0.318692 0.987719
0.328565 0.986935
0.338430 0.986126
0.348287 0.985293
0.358136 0.984433
0.367976 0.983549
0.377807 0.982638
0.387629 0.981701
0.397441 0.980738
0.407243 0.979749
0.417036 0.978733
0.426818 0.977689
0.436589 0.976619
0.446350 0.975520
0.456100 0.974393
0.465838 0.973237
0.475564 0.972052
0.485279 0.970838
0.494981 0.969593
0.504671 0.968318
0.514347 0.967012
0.524011 0.965674
0.533661 0.964303
0.543297 0.962898
0.552919 0.961459
0.562526 0.959985
0.572118 0.958476
0.581695 0.956929
0.591256 0.955343
0.600802 0.953719
0.610331 0.952055
0.619843 0.950349
0.629337 0.948599
0.638815 0.946806
0.648273 0.944967
0.657714 0.943080
0.667135 0.941144
0.676536 0.939156
0.685918 0.937116
0.695279 0.935020
0.704618 0.932867
0.713936 0.930653
0.723231 0.928377
0.732503 0.926035
0.741751 0.923625
0.750975 0.921144
0.760174 0.918587
0.769347 0.915953
0.778493 0.913235
0.787611 0.910431
0.796701 0.907535
0.805762 0.904543
0.814792 0.901449
0.823790 0.898248
0.832756 0.894934
0.841689 0.891500
0.850586 0.887940
0.859447 0.884244
0.868270 0.880406
0.877054 0.876416
0.885798 0.872263
0.894499 0.867938
0.903156 0.863429
0.911767 0.858723
0.920330 0.853806
0.928842 0.848664
0.937302 0.843281
0.945707 0.837637
0.954054 0.831714
