0.001000 1.000000
0.002000 1.000000
0.003000 0.999999
0.004000 0.999998
0.005000 0.999997
0.006000 0.999996
0.007000 0.999994
0.008000 0.999992
0.009000 0.999990
0.010000 0.999988
0.011000 0.999986
0.012000 0.999983
0.013000 0.999980
0.014000 0.999977
0.015000 0.999973
0.016000 0.999969
0.017000 0.999965
0.018000 0.999961
0.019000 0.999957
0.020000 0.999952
0.021000 0.999947
0.022000 0.999942
0.023000 0.999937
0.023999 0.999931
0.024999 0.999925
0.025999 0.999919
0.026999 0.999913
0.027999 0.999906
0.028999 0.999899
0.029999 0.999892
0.030999 0.999885
0.031999 0.999877
0.032999 0.999870
0.033998 0.999861
0.034998 0.999853
0.035998 0.999845
0.036998 0.999836
0.037998 0.999827
0.038998 0.999818
0.039997 0.999808
0.040997 0.999799
0.041997 0.999789
0.042997 0.999778
0.043997 0.999768
0.044996 0.999757
0.045996 0.999746
0.046996 0.999735
0.047996 0.999724
0.048995 0.999712
0.049995 0.999700
0.050995 0.999688
0.051994 0.999676
0.052994 0.999663
0.053994 0.999651
0.054993 0.999638
0.055993 0.999624
0.056993 0.999611
0.057992 0.999597
0.058992 0.999583
0.059991 0.999569
0.060991 0.999554
0.061990 0.999539
0.062990 0.999525
0.063990 0.999509
0.064989 0.999494
0.065989 0.999478
0.066988 0.999462
0.067987 0.999446
0.068987 0.999430
0.069986 0.999413
0.070986 0.999396
0.071985 0.999379
0.072984 0.999362
0.073984 0.999344
0.074983 0.999326
0.075982 0.999308
0.076982 0.999290
0.077981 0.999271
0.078980 0.999252
0.079980 0.999233
0.080979 0.999214
0.081978 0.999195
0.082977 0.999175
0.083976 0.999155
0.084975 0.999135
0.085975 0.999114
0.086974 0.999093
0.087973 0.999073
0.088972 0.999051
0.089971 0.999030
0.090970 0.999008
0.091969 0.998986
0.092968 0.998964
0.093967 0.998942
0.094966 0.998919
0.095965 0.998896
0.096964 0.998873
0.097962 0.998850
0.098961 0.998826
0.099960 0.998802
0.100959 0.998778
0.101958 0.998754
0.102956 0.998730
0.103955 0.998705
0.104954 0.998680
0.105952 0.998654
0.106951 0.998629
0.107950 0.998603
0.108948 0.998577
0.109947 0.998551
0.110945 0.998525
0.111944 0.998498
0.112942 0.998471
0.113941 0.998444
0.114939 0.998416
0.115938 0.998389
0.116936 0.998361
0.117934 0.998333
0.118933 0.998304
0.119931 0.998276
0.120929 0.998247
0.121928 0.998218
0.122926 0.998188
0.123924 0.998159
0.124922 0.998129
0.125920 0.998099
0.126918 0.998069
0.127916 0.998038
0.128914 0.998007
0.129912 0.997976
0.130910 0.997945
0.131908 0.997914
0.132906 0.997882
0.133904 0.997850
0.134902 0.997818
0.135900 0.997785
0.136897 0.997753
0.137895 0.997720
0.138893 0.997687
0.139890 0.997653
0.140888 0.997620
0.141886 0.997586
0.142883 0.997552
0.143881 0.997517
0.144878 0.997483
0.145876 0.997448
0.146873 0.997413
0.147871 0.997377
0.148868 0.997342
0.149865 0.997306
0.150863 0.997270
0.151860 0.997234
0.152857 0.997197
0.153854 0.997161
0.154851 0.997124
0.155848 0.997086
0.156846 0.997049
0.157843 0.997011
0.158840 0.996973
0.159837 0.996935
0.160833 0.996897
0.161830 0.996858
0.162827 0.996819
0.163824 0.996780
0.164821 0.996741
0.165817 0.996701
0.166814 0.996661
0.167811 0.996621
0.168807 0.996581
0.169804 0.996540
0.170800 0.996499
0.171797 0.996458
0.172793 0.996417
0.173790 0.996375
0.174786 0.996333
0.175782 0.996291
0.176779 0.996249
0.177775 0.996207
0.178771 0.996164
0.179767 0.996121
0.180763 0.996078
0.181759 0.996034
0.182755 0.995991
0.183751 0.995947
0.184747 0.995902
0.185743 0.995858
0.186739 0.995813
0.187735 0.995768
0.188731 0.995723
0.189726 0.995678
0.190722 0.995632
0.191718 0.995586
0.192713 0.995540
0.193709 0.995494
0.194704 0.995447
0.195699 0.995401
0.196695 0.995354
0.197690 0.995306
0.198685 0.995259
0.199681 0.995211
0.200676 0.995163
0.201671 0.995115
0.202666 0.995066
0.203661 0.995017
0.204656 0.994968
0.205651 0.994919
0.206646 0.994870
0.207641 0.994820
0.208636 0.994770
0.209630 0.994720
0.210625 0.994669
0.211620 0.994619
0.212614 0.994568
0.213609 0.994517
0.214603 0.994465
0.215598 0.994414
0.216592 0.994362
0.217587 0.994310
0.218581 0.994257
0.219575 0.994205
0.220569 0.994152
0.221563 0.994099
0.222557 0.994045
0.223551 0.993992
0.224545 0.993938
0.225539 0.993884
0.226533 0.993830
0.227527 0.993775
0.228521 0.993720
0.229514 0.993665
0.230508 0.993610
0.231502 0.993555
0.232495 0.993499
0.233489 0.993443
0.234482 0.993387
0.235475 0.993330
0.236469 0.993273
0.237462 0.993216
0.238455 0.993159
0.239448 0.993102
0.240441 0.993044
0.241434 0.992986
0.242427 0.992928
0.243420 0.992870
0.244413 0.992811
0.245406 0.992752
0.246399 0.992693
0.247391 0.992634
0.248384 0.992574
0.249376 0.992514
0.250369 0.992454
0.251361 0.992394
0.252354 0.992333
0.253346 0.992272
0.254338 0.992211
0.255330 0.992150
0.256322 0.992088
0.257315 0.992027
0.258307 0.991965
0.259298 0.991902
0.260290 0.991840
0.261282 0.991777
0.262274 0.991714
0.263266 0.991651
0.264257 0.991587
0.265249 0.991524
0.266240 0.991460
0.267232 0.991395
0.268223 0.991331
0.269214 0.991266
0.270206 0.991201
0.271197 0.991136
0.272188 0.991071
0.273179 0.991005
0.274170 0.990939
0.275161 0.990873
0.276152 0.990806
0.277142 0.990740
0.278133 0.990673
0.279124 0.990606
0.280114 0.990538
0.281105 0.990471
0.282095 0.990403
0.283086 0.990335
0.284076 0.990266
0.285066 0.990198
0.286056 0.990129
0.287046 0.990060
0.288036 0.989990
0.289026 0.989921
0.290016 0.989851
0.291006 0.989781
0.291996 0.989710
0.292986 0.989640
0.293975 0.989569
0.294965 0.989498
0.295954 0.989427
0.296944 0.989355
0.297933 0.989283
0.298922 0.989211
0.299911 0.989139
0.300900 0.989067
0.301889 0.988994
0.302878 0.988921
0.303867 0.988847
0.304856 0.988774
0.305845 0.988700
0.306834 0.988626
0.307822 0.988552
0.308811 0.988477
0.309799 0.988403
0.310787 0.988328
0.311776 0.988252
0.312764 0.988177
0.313752 0.988101
0.314740 0.988025
0.315728 0.987949
0.316716 0.987872
0.317704 0.987796
0.318692 0.987719
0.319679 0.987641
0.320667 0.987564
0.321654 0.987486
0.322642 0.987408
0.323629 0.987330
0.324617 0.987251
0.325604 0.987173
0.326591 0.987094
0.327578 0.987014
0.328565 0.986935
0.329552 0.986855
0.330539 0.986775
0.331525 0.986695
0.332512 0.986615
0.333499 0.986534
0.334485 0.986453
0.335472 0.986372
0.336458 0.986290
0.337444 0.986208
0.338430 0.986126
0.339416 0.986044
0.340402 0.985962
0.341388 0.985879
0.342374 0.985796
0.343360 0.985713
0.344346 0.985629
0.345331 0.985545
0.346317 0.985461
0.347302 0.985377
0.348287 0.985293
0.349273 0.985208
0.350258 0.985123
0.351243 0.985037
0.352228 0.984952
0.353213 0.984866
0.354198 0.984780
0.355182 0.984694
0.356167 0.984607
0.357152 0.984520
0.358136 0.984433
0.359120 0.984346
0.360105 0.984258
0.361089 0.984171
0.362073 0.984082
0.363057 0.983994
0.364041 0.983906
0.365025 0.983817
0.366009 0.983728
0.366992 0.983638
0.367976 0.983549
0.368959 0.983459
0.369943 0.983368
0.370926 0.983278
0.371909 0.983187
0.372893 0.983096
0.373876 0.983005
0.374859 0.982914
0.375841 0.982822
0.376824 0.982730
0.377807 0.982638
0.378789 0.982545
0.379772 0.982453
0.380754 0.982360
0.381737 0.982266
0.382719 0.982173
0.383701 0.982079
0.384683 0.981985
0.385665 0.981891
0.386647 0.981796
0.387629 0.981701
0.388610 0.981606
0.389592 0.981511
0.390573 0.981415
0.391555 0.981319
0.392536 0.981223
0.393517 0.981127
0.394498 0.981030
0.395479 0.980933
0.396460 0.980836
0.397441 0.980738
0.398421 0.980641
0.399402 0.980543
0.400383 0.980444
0.401363 0.980346
0.402343 0.980247
0.403323 0.980148
0.404303 0.980049
0.405283 0.979949
0.406263 0.979849
0.407243 0.979749
0.408223 0.979649
0.409202 0.979548
0.410182 0.979447
0.411161 0.979346
0.412141 0.979244
0.413120 0.979143
0.414099 0.979040
0.415078 0.978938
0.416057 0.978836
0.417036 0.978733
0.418014 0.978630
0.418993 0.978526
0.419971 0.978423
0.420950 0.978319
0.421928 0.978214
0.422906 0.978110
0.423884 0.978005
0.424862 0.977900
0.425840 0.977795
0.426818 0.977689
0.427795 0.977584
0.428773 0.977477
0.429750 0.977371
0.430728 0.977264
0.431705 0.977157
0.432682 0.977050
0.433659 0.976943
0.434636 0.976835
0.435613 0.976727
0.436589 0.976619
0.437566 0.976510
0.438542 0.976401
0.439519 0.976292
0.440495 0.976182
0.441471 0.976073
0.442447 0.975963
0.443423 0.975852
0.444399 0.975742
0.445374 0.975631
0.446350 0.975520
0.447325 0.975408
0.448301 0.975297
0.449276 0.975185
0.450251 0.975072
0.451226 0.974960
0.452201 0.974847
0.453176 0.974734
0.454151 0.974620
0.455125 0.974507
0.456100 0.974393
0.457074 0.974278
0.458048 0.974164
0.459022 0.974049
0.459996 0.973934
0.460970 0.973818
0.461944 0.973703
0.462918 0.973587
0.463891 0.973470
0.464864 0.973354
0.465838 0.973237
0.466811 0.973120
0.467784 0.973002
0.468757 0.972885
0.469730 0.972767
0.470703 0.972648
0.471675 0.972530
0.472648 0.972411
0.473620 0.972291
0.474592 0.972172
0.475564 0.972052
0.476536 0.971932
0.477508 0.971812
0.478480 0.971691
0.479452 0.971570
0.480423 0.971449
0.481394 0.971327
0.482366 0.971205
0.483337 0.971083
0.484308 0.970961
0.485279 0.970838
0.486250 0.970715
0.487220 0.970591
0.488191 0.970468
0.489161 0.970344
0.490131 0.970219
0.491102 0.970095
0.492072 0.969970
0.493042 0.969845
0.494011 0.969719
0.494981 0.969593
0.495951 0.969467
0.496920 0.969341
0.497889 0.969214
0.498858 0.969087
0.499827 0.968960
0.500796 0.968832
0.501765 0.968704
0.502734 0.968576
0.503702 0.968447
0.504671 0.968318
0.505639 0.968189
0.506607 0.968060
0.507575 0.967930
0.508543 0.967800
0.509511 0.967669
0.510478 0.967538
0.511446 0.967407
0.512413 0.967276
0.513380 0.967144
0.514347 0.967012
0.515314 0.966880
0.516281 0.966747
0.517248 0.966614
0.518214 0.966480
0.519181 0.966347
0.520147 0.966213
0.521113 0.966078
0.522079 0.965944
0.523045 0.965809
0.524011 0.965674
0.524976 0.965538
0.525942 0.965402
0.526907 0.965266
0.527872 0.965129
0.528837 0.964992
0.529802 0.964855
0.530767 0.964717
0.531732 0.964579
0.532696 0.964441
0.533661 0.964303
0.534625 0.964164
0.535589 0.964024
0.536553 0.963885
0.537517 0.963745
0.538480 0.963605
0.539444 0.963464
0.540407 0.963323
0.541371 0.963182
0.542334 0.963040
0.543297 0.962898
0.544260 0.962756
0.545222 0.962613
0.546185 0.962470
0.547147 0.962327
0.548109 0.962183
0.549072 0.962039
0.550034 0.961895
0.550995 0.961750
0.551957 0.961605
0.552919 0.961459
0.553880 0.961314
0.554841 0.961167
0.555802 0.961021
0.556763 0.960874
0.557724 0.960727
0.558685 0.960579
0.559645 0.960431
0.560605 0.960283
0.561566 0.960134
0.562526 0.959985
0.563486 0.959836
0.564445 0.959686
0.565405 0.959536
0.566364 0.959386
0.567324 0.959235
0.568283 0.959084
0.569242 0.958932
0.570201 0.958780
0.571159 0.958628
0.572118 0.958476
0.573076 0.958323
0.574035 0.958169
0.574993 0.958015
0.575951 0.957861
0.576908 0.957707
0.577866 0.957552
0.578824 0.957397
0.579781 0.957241
0.580738 0.957085
0.581695 0.956929
0.582652 0.956772
0.583609 0.956615
0.584565 0.956457
0.585521 0.956299
0.586478 0.956141
0.587434 0.955982
0.588390 0.955823
0.589345 0.955664
0.590301 0.955504
0.591256 0.955343
0.592212 0.955183
0.593167 0.955022
0.594122 0.954860
0.595076 0.954699
0.596031 0.954536
0.596986 0.954374
0.597940 0.954211
0.598894 0.954047
0.599848 0.953884
0.600802 0.953719
0.601755 0.953555
0.602709 0.953390
0.603662 0.953224
0.604615 0.953058
0.605568 0.952892
0.606521 0.952725
0.607474 0.952558
0.608426 0.952391
0.609378 0.952223
0.610331 0.952055
0.611283 0.951886
0.612234 0.951717
0.613186 0.951547
0.614137 0.951377
0.615089 0.951207
0.616040 0.951036
0.616991 0.950865
0.617942 0.950693
0.618892 0.950521
0.619843 0.950349
0.620793 0.950176
0.621743 0.950002
0.622693 0.949828
0.623643 0.949654
0.624592 0.949479
0.625542 0.949304
0.626491 0.949129
0.627440 0.948953
0.628389 0.948776
0.629337 0.948599
0.630286 0.948422
0.631234 0.948244
0.632182 0.948066
0.633130 0.947887
0.634078 0.947708
0.635026 0.947529
0.635973 0.947349
0.636921 0.947168
0.637868 0.946987
0.638815 0.946806
0.639761 0.946624
0.640708 0.946442
0.641654 0.946259
0.642600 0.946076
0.643546 0.945892
0.644492 0.945708
0.645438 0.945523
0.646383 0.945338
0.647328 0.945153
0.648273 0.944967
0.649218 0.944780
0.650163 0.944593
0.651108 0.944406
0.652052 0.944218
0.652996 0.944029
0.653940 0.943840
0.654884 0.943651
0.655827 0.943461
0.656771 0.943271
0.657714 0.943080
0.658657 0.942888
0.659600 0.942697
0.660542 0.942504
0.661485 0.942311
0.662427 0.942118
0.663369 0.941924
0.664311 0.941730
0.665252 0.941535
0.666194 0.941340
0.667135 0.941144
0.668076 0.940947
0.669017 0.940750
0.669957 0.940553
0.670898 0.940355
0.671838 0.940157
0.672778 0.939958
0.673718 0.939758
0.674658 0.939558
0.675597 0.939357
0.676536 0.939156
0.677475 0.938955
0.678414 0.938753
0.679353 0.938550
0.680291 0.938347
0.681230 0.938143
0.682168 0.937939
0.683106 0.937734
0.684043 0.937528
0.684981 0.937322
0.685918 0.937116
0.686855 0.936909
0.687792 0.936701
0.688728 0.936493
0.689665 0.936284
0.690601 0.936075
0.691537 0.935865
0.692473 0.935655
0.693408 0.935444
0.694343 0.935232
0.695279 0.935020
0.696213 0.934807
0.697148 0.934594
0.698083 0.934380
0.699017 0.934166
0.699951 0.933951
0.700885 0.933735
0.701818 0.933519
0.702752 0.933302
0.703685 0.933085
0.704618 0.932867
0.705551 0.932648
0.706483 0.932429
0.707416 0.932209
0.708348 0.931988
0.709280 0.931767
0.710211 0.931546
0.711143 0.931324
0.712074 0.931101
0.713005 0.930877
0.713936 0.930653
0.714866 0.930428
0.715797 0.930203
0.716727 0.929977
0.717656 0.929750
0.718586 0.929523
0.719516 0.929295
0.720445 0.929066
0.721374 0.928837
0.722302 0.928607
0.723231 0.928377
0.724159 0.928145
0.725087 0.927914
0.726015 0.927681
0.726943 0.927448
0.727870 0.927214
0.728797 0.926980
0.729724 0.926744
0.730650 0.926509
0.731577 0.926272
0.732503 0.926035
0.733429 0.925797
0.734355 0.925559
0.735280 0.925319
0.736205 0.925079
0.737130 0.924839
0.738055 0.924597
0.738979 0.924355
0.739904 0.924113
0.740828 0.923869
0.741751 0.923625
0.742675 0.923380
0.743598 0.923135
0.744521 0.922888
0.745444 0.922641
0.746366 0.922393
0.747289 0.922145
0.748211 0.921896
0.749133 0.921646
0.750054 0.921395
0.750975 0.921144
0.751896 0.920891
0.752817 0.920638
0.753738 0.920385
0.754658 0.920130
0.755578 0.919875
0.756498 0.919619
0.757417 0.919362
0.758336 0.919105
0.759255 0.918847
0.760174 0.918587
0.761093 0.918328
0.762011 0.918067
0.762929 0.917805
0.763846 0.917543
0.764764 0.917280
0.765681 0.917016
0.766598 0.916752
0.767514 0.916486
0.768431 0.916220
0.769347 0.915953
0.770263 0.915685
0.771178 0.915416
0.772093 0.915146
0.773009 0.914876
0.773923 0.914604
0.774838 0.914332
0.775752 0.914059
0.776666 0.913785
0.777579 0.913511
0.778493 0.913235
0.779406 0.912959
0.780319 0.912681
0.781231 0.912403
0.782144 0.912124
0.783056 0.911844
0.783967 0.911563
0.784879 0.911282
0.785790 0.910999
0.786701 0.910715
0.787611 0.910431
0.788521 0.910145
0.789431 0.909859
0.790341 0.909572
0.791251 0.909284
0.792160 0.908995
0.793069 0.908705
0.793977 0.908414
0.794885 0.908122
0.795793 0.907829
0.796701 0.907535
0.797608 0.907240
0.798516 0.906945
0.799422 0.906648
0.800329 0.906350
0.801235 0.906051
0.802141 0.905752
0.803047 0.905451
0.803952 0.905149
0.804857 0.904847
0.805762 0.904543
0.806666 0.904238
0.807570 0.903933
0.808474 0.903626
0.809377 0.903318
0.810280 0.903009
0.811183 0.902699
0.812086 0.902389
0.812988 0.902077
0.813890 0.901764
0.814792 0.901449
0.815693 0.901134
0.816594 0.900818
0.817494 0.900501
0.818395 0.900182
0.819295 0.899863
0.820195 0.899542
0.821094 0.899220
0.821993 0.898897
0.822892 0.898574
0.823790 0.898248
0.824688 0.897922
0.825586 0.897595
0.826483 0.897266
0.827381 0.896937
0.828277 0.896606
0.829174 0.896274
0.830070 0.895941
0.830966 0.895606
0.831861 0.895271
0.832756 0.894934
0.833651 0.894596
0.834545 0.894257
0.835439 0.893917
0.836333 0.893575
0.837227 0.893233
0.838120 0.892889
0.839012 0.892543
0.839905 0.892197
0.840797 0.891849
0.841689 0.891500
0.842580 0.891150
0.843471 0.890799
0.844361 0.890446
0.845252 0.890092
0.846142 0.889736
0.847031 0.889380
0.847920 0.889022
0.848809 0.888662
0.849698 0.888302
0.850586 0.887940
0.851474 0.887576
0.852361 0.887212
0.853248 0.886846
0.854135 0.886478
0.855021 0.886109
0.855907 0.885739
0.856792 0.885368
0.857678 0.884995
0.858562 0.884620
0.859447 0.884244
0.860331 0.883867
0.861215 0.883489
0.862098 0.883108
0.862981 0.882727
0.863863 0.882344
0.864746 0.881959
0.865627 0.881573
0.866509 0.881186
0.867390 0.880797
0.868270 0.880406
0.869150 0.880014
0.870030 0.879621
0.870910 0.879226
0.871789 0.878829
0.872667 0.878431
0.873546 0.878031
0.874423 0.877630
0.875301 0.877227
0.876178 0.876822
0.877054 0.876416
0.877931 0.876008
0.878806 0.875599
0.879682 0.875188
0.880557 0.874775
0.881431 0.874360
0.882306 0.873944
0.883179 0.873527
0.884053 0.873107
0.884925 0.872686
0.885798 0.872263
0.886670 0.871839
0.887542 0.871412
0.888413 0.870984
0.889284 0.870555
0.890154 0.870123
0.891024 0.869690
0.891893 0.869255
0.892762 0.868818
0.893631 0.868379
0.894499 0.867938
0.895367 0.867496
0.896234 0.867052
0.897101 0.866605
0.897967 0.866157
0.898833 0.865707
0.899699 0.865255
0.900564 0.864802
0.901428 0.864346
0.902292 0.863888
0.903156 0.863429
0.904019 0.862967
0.904882 0.862504
0.905744 0.862038
0.906606 0.861571
0.907467 0.861101
0.908328 0.860629
0.909189 0.860156
0.910049 0.859680
0.910908 0.859202
0.911767 0.858723
0.912626 0.858241
0.913484 0.857757
0.914341 0.857270
0.915198 0.856782
0.916055 0.856291
0.916911 0.855799
0.917766 0.855304
0.918621 0.854807
0.919476 0.854308
0.920330 0.853806
0.921183 0.853302
0.922037 0.852796
0.922889 0.852288
0.923741 0.851777
0.924593 0.851264
0.925444 0.850749
0.926294 0.850231
0.927144 0.849711
0.927994 0.849189
0.928842 0.848664
0.929691 0.848137
0.930539 0.847608
0.931386 0.847075
0.932233 0.846541
0.933079 0.846004
0.933925 0.845464
0.934770 0.844922
0.935615 0.844378
0.936459 0.843831
0.937302 0.843281
0.938145 0.842729
0.938988 0.842174
0.939830 0.841616
0.940671 0.841056
0.941512 0.840493
0.942352 0.839927
0.943192 0.839359
0.944031 0.838788
0.944869 0.838214
0.945707 0.837637
0.946545 0.837058
0.947381 0.836476
0.948217 0.835891
0.949053 0.835303
0.949888 0.834712
0.950722 0.834118
0.951556 0.833522
0.952390 0.832922
0.953222 0.832320
0.954054 0.831714
