0	6.27744e+66
0.01	6.27744e+66
0.02	6.27744e+66
0.03	6.27744e+66
0.04	6.27744e+66
0.05	6.27744e+66
0.06	6.27744e+66
0.07	6.27744e+66
0.08	6.27744e+66
0.09	6.27744e+66
0.1	6.27744e+66
0.11	6.27744e+66
0.12	6.27744e+66
0.13	6.27744e+66
0.14	6.27744e+66
0.15	6.27744e+66
0.16	6.27744e+66
0.17	6.27744e+66
0.18	6.27744e+66
0.19	6.27744e+66
0.2	6.27744e+66
0.21	6.27744e+66
0.22	6.27744e+66
0.23	6.27744e+66
0.24	6.27744e+66
0.25	6.27744e+66
0.26	6.27744e+66
0.27	6.27744e+66
0.28	6.27744e+66
0.29	6.27744e+66
0.3	6.27744e+66
0.31	6.27744e+66
0.32	6.27744e+66
0.33	6.27744e+66
0.34	6.27744e+66
0.35	6.27744e+66
0.36	6.27744e+66
0.37	6.27744e+66
0.38	6.27744e+66
0.39	6.27744e+66
0.4	6.27744e+66
0.41	6.27744e+66
0.42	6.27744e+66
0.43	6.27744e+66
0.44	6.27744e+66
0.45	6.27744e+66
0.46	6.27744e+66
0.47	6.27744e+66
0.48	6.27744e+66
0.49	6.27744e+66
0.5	6.27744e+66
0.51	6.27744e+66
0.52	6.27744e+66
0.53	6.27744e+66
0.54	6.27744e+66
0.55	6.27744e+66
0.56	6.27744e+66
0.57	6.27744e+66
0.58	6.27744e+66
0.59	6.27744e+66
0.6	6.27744e+66
0.61	6.27744e+66
0.62	6.27744e+66
0.63	6.27744e+66
0.64	6.27744e+66
0.65	6.27744e+66
0.66	6.27744e+66
0.67	6.27744e+66
0.68	6.27744e+66
0.69	6.27744e+66
0.7	6.27744e+66
0.71	6.27744e+66
0.72	6.27744e+66
0.73	6.27744e+66
0.74	6.27744e+66
0.75	6.27744e+66
0.76	6.27744e+66
0.77	6.27744e+66
0.78	6.27744e+66
0.79	6.27744e+66
0.8	6.27744e+66
0.81	6.27744e+66
0.82	6.27744e+66
0.83	6.27744e+66
0.84	6.27744e+66
0.85	6.27744e+66
0.86	6.27744e+66
0.87	6.27744e+66
0.88	6.27744e+66
0.89	6.27744e+66
0.9	6.27744e+66
0.91	6.27744e+66
0.92	6.27744e+66
0.93	6.27744e+66
0.94	6.27744e+66
0.95	6.27744e+66
0.96	6.27744e+66
0.97	6.27744e+66
0.98	6.27744e+66
0.99	6.27744e+66
1	6.27744e+66
1.01	6.27744e+66
1.02	6.27744e+66
1.03	6.27744e+66
1.04	6.27744e+66
1.05	6.27744e+66
1.06	6.27744e+66
1.07	6.27744e+66
1.08	6.27744e+66
1.09	6.27744e+66
1.1	6.27744e+66
1.11	6.27744e+66
1.12	6.27744e+66
1.13	6.27744e+66
1.14	6.27744e+66
1.15	6.27744e+66
1.16	6.27744e+66
1.17	6.27744e+66
1.18	6.27744e+66
1.19	6.27744e+66
1.2	6.27744e+66
1.21	6.27744e+66
1.22	6.27744e+66
1.23	6.27744e+66
1.24	6.27744e+66
1.25	6.27744e+66
1.26	6.27744e+66
1.27	6.27744e+66
1.28	6.27744e+66
1.29	6.27744e+66
1.3	6.27744e+66
1.31	6.27744e+66
1.32	6.27744e+66
1.33	6.27744e+66
1.34	6.27744e+66
1.35	6.27744e+66
1.36	6.27744e+66
1.37	6.27744e+66
1.38	6.27744e+66
1.39	6.27744e+66
1.4	6.27744e+66
1.41	6.27744e+66
1.42	6.27744e+66
1.43	6.27744e+66
1.44	6.27744e+66
1.45	6.27744e+66
1.46	6.27744e+66
1.47	6.27744e+66
1.48	6.27744e+66
1.49	6.27744e+66
1.5	6.27744e+66
1.51	6.27744e+66
1.52	6.27744e+66
1.53	6.27744e+66
1.54	6.27744e+66
1.55	6.27744e+66
1.56	6.27744e+66
1.57	6.27744e+66
1.58	6.27744e+66
1.59	6.27744e+66
1.6	6.27744e+66
1.61	6.27744e+66
1.62	6.27744e+66
1.63	6.27744e+66
1.64	6.27744e+66
1.65	6.27744e+66
1.66	6.27744e+66
1.67	6.27744e+66
1.68	6.27744e+66
1.69	6.27744e+66
1.7	6.27744e+66
1.71	6.27744e+66
1.72	6.27744e+66
1.73	6.27744e+66
1.74	6.27744e+66
1.75	6.27744e+66
1.76	6.27744e+66
1.77	6.27744e+66
1.78	6.27744e+66
1.79	6.27744e+66
1.8	6.27744e+66
1.81	6.27744e+66
1.82	6.27744e+66
1.83	6.27744e+66
1.84	6.27744e+66
1.85	6.27744e+66
1.86	6.27744e+66
1.87	6.27744e+66
1.88	6.27744e+66
1.89	6.27744e+66
1.9	6.27744e+66
1.91	6.27744e+66
1.92	6.27744e+66
1.93	6.27744e+66
1.94	6.27744e+66
1.95	6.27744e+66
1.96	6.27744e+66
1.97	6.27744e+66
1.98	6.27744e+66
1.99	6.27744e+66
2	6.27744e+66
2.01	6.27744e+66
2.02	6.27744e+66
2.03	6.27744e+66
2.04	6.27744e+66
2.05	6.27744e+66
2.06	6.27744e+66
2.07	6.27744e+66
2.08	6.27744e+66
2.09	6.27744e+66
2.1	6.27744e+66
2.11	6.27744e+66
2.12	6.27744e+66
2.13	6.27744e+66
2.14	6.27744e+66
2.15	6.27744e+66
2.16	6.27744e+66
2.17	6.27744e+66
2.18	6.27744e+66
2.19	6.27744e+66
2.2	6.27744e+66
2.21	6.27744e+66
2.22	6.27744e+66
2.23	6.27744e+66
2.24	6.27744e+66
2.25	6.27744e+66
2.26	6.27744e+66
2.27	6.27744e+66
2.28	6.27744e+66
2.29	6.27744e+66
2.3	6.27744e+66
2.31	6.27744e+66
2.32	6.27744e+66
2.33	6.27744e+66
2.34	6.27744e+66
2.35	6.27744e+66
2.36	6.27744e+66
2.37	6.27744e+66
2.38	6.27744e+66
2.39	6.27744e+66
2.4	6.27744e+66
2.41	6.27744e+66
2.42	6.27744e+66
2.43	6.27744e+66
2.44	6.27744e+66
2.45	6.27744e+66
2.46	6.27744e+66
2.47	6.27744e+66
2.48	6.27744e+66
2.49	6.27744e+66
2.5	6.27744e+66
2.51	6.27744e+66
2.52	6.27744e+66
2.53	6.27744e+66
2.54	6.27744e+66
2.55	6.27744e+66
2.56	6.27744e+66
2.57	6.27744e+66
2.58	6.27744e+66
2.59	6.27744e+66
2.6	6.27744e+66
2.61	6.27744e+66
2.62	6.27744e+66
2.63	6.27744e+66
2.64	6.27744e+66
2.65	6.27744e+66
2.66	6.27744e+66
2.67	6.27744e+66
2.68	6.27744e+66
2.69	6.27744e+66
2.7	6.27744e+66
2.71	6.27744e+66
2.72	6.27744e+66
2.73	6.27744e+66
2.74	6.27744e+66
2.75	6.27744e+66
2.76	6.27744e+66
2.77	6.27744e+66
2.78	6.27744e+66
2.79	6.27744e+66
2.8	6.27744e+66
2.81	6.27744e+66
2.82	6.27744e+66
2.83	6.27744e+66
2.84	6.27744e+66
2.85	6.27744e+66
2.86	6.27744e+66
2.87	6.27744e+66
2.88	6.27744e+66
2.89	6.27744e+66
2.9	6.27744e+66
2.91	6.27744e+66
2.92	6.27744e+66
2.93	6.27744e+66
2.94	6.27744e+66
2.95	6.27744e+66
2.96	6.27744e+66
2.97	6.27744e+66
2.98	6.27744e+66
2.99	6.27744e+66
3	6.27744e+66
3.01	6.27744e+66
3.02	6.27744e+66
3.03	6.27744e+66
3.04	6.27744e+66
3.05	6.27744e+66
3.06	6.27744e+66
3.07	6.27744e+66
3.08	6.27744e+66
3.09	6.27744e+66
3.1	6.27744e+66
3.11	6.27744e+66
3.12	6.27744e+66
3.13	6.27744e+66
3.14	6.27744e+66
3.15	6.27744e+66
3.16	6.27744e+66
3.17	6.27744e+66
3.18	6.27744e+66
3.19	6.27744e+66
3.2	6.27744e+66
3.21	6.27744e+66
3.22	6.27744e+66
3.23	6.27744e+66
3.24	6.27744e+66
3.25	6.27744e+66
3.26	6.27744e+66
3.27	6.27744e+66
3.28	6.27744e+66
3.29	6.27744e+66
3.3	6.27744e+66
3.31	6.27744e+66
3.32	6.27744e+66
3.33	6.27744e+66
3.34	6.27744e+66
3.35	6.27744e+66
3.36	6.27744e+66
3.37	6.27744e+66
3.38	6.27744e+66
3.39	6.27744e+66
3.4	6.27744e+66
3.41	6.27744e+66
3.42	6.27744e+66
3.43	6.27744e+66
3.44	6.27744e+66
3.45	6.27744e+66
3.46	6.27744e+66
3.47	6.27744e+66
3.48	6.27744e+66
3.49	6.27744e+66
3.5	6.27744e+66
3.51	6.27744e+66
3.52	6.27744e+66
3.53	6.27744e+66
3.54	6.27744e+66
3.55	6.27744e+66
3.56	6.27744e+66
3.57	6.27744e+66
3.58	6.27744e+66
3.59	6.27744e+66
3.6	6.27744e+66
3.61	6.27744e+66
3.62	6.27744e+66
3.63	6.27744e+66
3.64	6.27744e+66
3.65	6.27744e+66
3.66	6.27744e+66
3.67	6.27744e+66
3.68	6.27744e+66
3.69	6.27744e+66
3.7	6.27744e+66
3.71	6.27744e+66
3.72	6.27744e+66
3.73	6.27744e+66
3.74	6.27744e+66
3.75	6.27744e+66
3.76	6.27744e+66
3.77	6.27744e+66
3.78	6.27744e+66
3.79	6.27744e+66
3.8	6.27744e+66
3.81	6.27744e+66
3.82	6.27744e+66
3.83	6.27744e+66
3.84	6.27744e+66
3.85	6.27744e+66
3.86	6.27744e+66
3.87	6.27744e+66
3.88	6.27744e+66
3.89	6.27744e+66
3.9	6.27744e+66
3.91	6.27744e+66
3.92	6.27744e+66
3.93	6.27744e+66
3.94	6.27744e+66
3.95	6.27744e+66
3.96	6.27744e+66
3.97	6.27744e+66
3.98	6.27744e+66
3.99	6.27744e+66
4	6.27744e+66
4.01	6.27744e+66
4.02	6.27744e+66
4.03	6.27744e+66
4.04	6.27744e+66
4.05	6.27744e+66
4.06	6.27744e+66
4.07	6.27744e+66
4.08	6.27744e+66
4.09	6.27744e+66
4.1	6.27744e+66
4.11	6.27744e+66
4.12	6.27744e+66
4.13	6.27744e+66
4.14	6.27744e+66
4.15	6.27744e+66
4.16	6.27744e+66
4.17	6.27744e+66
4.18	6.27744e+66
4.19	6.27744e+66
4.2	6.27744e+66
4.21	6.27744e+66
4.22	6.27744e+66
4.23	6.27744e+66
4.24	6.27744e+66
4.25	6.27744e+66
4.26	6.27744e+66
4.27	6.27744e+66
4.28	6.27744e+66
4.29	6.27744e+66
4.3	6.27744e+66
4.31	6.27744e+66
4.32	6.27744e+66
4.33	6.27744e+66
4.34	6.27744e+66
4.35	6.27744e+66
4.36	6.27744e+66
4.37	6.27744e+66
4.38	6.27744e+66
4.39	6.27744e+66
4.4	6.27744e+66
4.41	6.27744e+66
4.42	6.27744e+66
4.43	6.27744e+66
4.44	6.27744e+66
4.45	6.27744e+66
4.46	6.27744e+66
4.47	6.27744e+66
4.48	6.27744e+66
4.49	6.27744e+66
4.5	6.27744e+66
4.51	6.27744e+66
4.52	6.27744e+66
4.53	6.27744e+66
4.54	6.27744e+66
4.55	6.27744e+66
4.56	6.27744e+66
4.57	6.27744e+66
4.58	6.27744e+66
4.59	6.27744e+66
4.6	6.27744e+66
4.61	6.27744e+66
4.62	6.27744e+66
4.63	6.27744e+66
4.64	6.27744e+66
4.65	6.27744e+66
4.66	6.27744e+66
4.67	6.27744e+66
4.68	6.27744e+66
4.69	6.27744e+66
4.7	6.27744e+66
4.71	6.27744e+66
4.72	6.27744e+66
4.73	6.27744e+66
4.74	6.27744e+66
4.75	6.27744e+66
4.76	6.27744e+66
4.77	6.27744e+66
4.78	6.27744e+66
4.79	6.27744e+66
4.8	6.27744e+66
4.81	6.27744e+66
4.82	6.27744e+66
4.83	6.27744e+66
4.84	6.27744e+66
4.85	6.27744e+66
4.86	6.27744e+66
4.87	6.27744e+66
4.88	6.27744e+66
4.89	6.27744e+66
4.9	6.27744e+66
4.91	6.27744e+66
4.92	6.27744e+66
4.93	6.27744e+66
4.94	6.27744e+66
4.95	6.27744e+66
4.96	6.27744e+66
4.97	6.27744e+66
4.98	6.27744e+66
4.99	6.27744e+66
5	6.27744e+66
5.01	6.27744e+66
5.02	6.27744e+66
5.03	6.27744e+66
5.04	6.27744e+66
5.05	6.27744e+66
5.06	6.27744e+66
5.07	6.27744e+66
5.08	6.27744e+66
5.09	6.27744e+66
5.1	6.27744e+66
5.11	6.27744e+66
5.12	6.27744e+66
5.13	6.27744e+66
5.14	6.27744e+66
5.15	6.27744e+66
5.16	6.27744e+66
5.17	6.27744e+66
5.18	6.27744e+66
5.19	6.27744e+66
5.2	6.27744e+66
5.21	6.27744e+66
5.22	6.27744e+66
5.23	6.27744e+66
5.24	6.27744e+66
5.25	6.27744e+66
5.26	6.27744e+66
5.27	6.27744e+66
5.28	6.27744e+66
5.29	6.27744e+66
5.3	6.27744e+66
5.31	6.27744e+66
5.32	6.27744e+66
5.33	6.27744e+66
5.34	6.27744e+66
5.35	6.27744e+66
5.36	6.27744e+66
5.37	6.27744e+66
5.38	6.27744e+66
5.39	6.27744e+66
5.4	6.27744e+66
5.41	6.27744e+66
5.42	6.27744e+66
5.43	6.27744e+66
5.44	6.27744e+66
5.45	6.27744e+66
5.46	6.27744e+66
5.47	6.27744e+66
5.48	6.27744e+66
5.49	6.27744e+66
5.5	6.27744e+66
5.51	6.27744e+66
5.52	6.27744e+66
5.53	6.27744e+66
5.54	6.27744e+66
5.55	6.27744e+66
5.56	6.27744e+66
5.57	6.27744e+66
5.58	6.27744e+66
5.59	6.27744e+66
5.6	6.27744e+66
5.61	6.27744e+66
5.62	6.27744e+66
5.63	6.27744e+66
5.64	6.27744e+66
5.65	6.27744e+66
5.66	6.27744e+66
5.67	6.27744e+66
5.68	6.27744e+66
5.69	6.27744e+66
5.7	6.27744e+66
5.71	6.27744e+66
5.72	6.27744e+66
5.73	6.27744e+66
5.74	6.27744e+66
5.75	6.27744e+66
5.76	6.27744e+66
5.77	6.27744e+66
5.78	6.27744e+66
5.79	6.27744e+66
5.8	6.27744e+66
5.81	6.27744e+66
5.82	6.27744e+66
5.83	6.27744e+66
5.84	6.27744e+66
5.85	6.27744e+66
5.86	6.27744e+66
5.87	6.27744e+66
5.88	6.27744e+66
5.89	6.27744e+66
5.9	6.27744e+66
5.91	6.27744e+66
5.92	6.27744e+66
5.93	6.27744e+66
5.94	6.27744e+66
5.95	6.27744e+66
5.96	6.27744e+66
5.97	6.27744e+66
5.98	6.27744e+66
5.99	6.27744e+66
6	6.27744e+66
6.01	6.27744e+66
6.02	6.27744e+66
6.03	6.27744e+66
6.04	6.27744e+66
6.05	6.27744e+66
6.06	6.27744e+66
6.07	6.27744e+66
6.08	6.27744e+66
6.09	6.27744e+66
6.1	6.27744e+66
6.11	6.27744e+66
6.12	6.27744e+66
6.13	6.27744e+66
6.14	6.27744e+66
6.15	6.27744e+66
6.16	6.27744e+66
6.17	6.27744e+66
6.18	6.27744e+66
6.19	6.27744e+66
6.2	6.27744e+66
6.21	6.27744e+66
6.22	6.27744e+66
6.23	6.27744e+66
6.24	6.27744e+66
6.25	6.27744e+66
6.26	6.27744e+66
6.27	6.27744e+66
6.28	6.27744e+66
6.29	6.27744e+66
6.3	6.27744e+66
6.31	6.27744e+66
6.32	6.27744e+66
6.33	6.27744e+66
6.34	6.27744e+66
6.35	6.27744e+66
6.36	6.27744e+66
6.37	6.27744e+66
6.38	6.27744e+66
6.39	6.27744e+66
6.4	6.27744e+66
6.41	6.27744e+66
6.42	6.27744e+66
6.43	6.27744e+66
6.44	6.27744e+66
6.45	6.27744e+66
6.46	6.27744e+66
6.47	6.27744e+66
6.48	6.27744e+66
6.49	6.27744e+66
6.5	6.27744e+66
6.51	6.27744e+66
6.52	6.27744e+66
6.53	6.27744e+66
6.54	6.27744e+66
6.55	6.27744e+66
6.56	6.27744e+66
6.57	6.27744e+66
6.58	6.27744e+66
6.59	6.27744e+66
6.6	6.27744e+66
6.61	6.27744e+66
6.62	6.27744e+66
6.63	6.27744e+66
6.64	6.27744e+66
6.65	6.27744e+66
6.66	6.27744e+66
6.67	6.27744e+66
6.68	6.27744e+66
6.69	6.27744e+66
6.7	6.27744e+66
6.71	6.27744e+66
6.72	6.27744e+66
6.73	6.27744e+66
6.74	6.27744e+66
6.75	6.27744e+66
6.76	6.27744e+66
6.77	6.27744e+66
6.78	6.27744e+66
6.79	6.27744e+66
6.8	6.27744e+66
6.81	6.27744e+66
6.82	6.27744e+66
6.83	6.27744e+66
6.84	6.27744e+66
6.85	6.27744e+66
6.86	6.27744e+66
6.87	6.27744e+66
6.88	6.27744e+66
6.89	6.27744e+66
6.9	6.27744e+66
6.91	6.27744e+66
6.92	6.27744e+66
6.93	6.27744e+66
6.94	6.27744e+66
6.95	6.27744e+66
6.96	6.27744e+66
6.97	6.27744e+66
6.98	6.27744e+66
6.99	6.27744e+66
7	6.27744e+66
7.01	6.27744e+66
7.02	6.27744e+66
7.03	6.27744e+66
7.04	6.27744e+66
7.05	6.27744e+66
7.06	6.27744e+66
7.07	6.27744e+66
7.08	6.27744e+66
7.09	6.27744e+66
7.1	6.27744e+66
7.11	6.27744e+66
7.12	6.27744e+66
7.13	6.27744e+66
7.14	6.27744e+66
7.15	6.27744e+66
7.16	6.27744e+66
7.17	6.27744e+66
7.18	6.27744e+66
7.19	6.27744e+66
7.2	6.27744e+66
7.21	6.27744e+66
7.22	6.27744e+66
7.23	6.27744e+66
7.24	6.27744e+66
7.25	6.27744e+66
7.26	6.27744e+66
7.27	6.27744e+66
7.28	6.27744e+66
7.29	6.27744e+66
7.3	6.27744e+66
7.31	6.27744e+66
7.32	6.27744e+66
7.33	6.27744e+66
7.34	6.27744e+66
7.35	6.27744e+66
7.36	6.27744e+66
7.37	6.27744e+66
7.38	6.27744e+66
7.39	6.27744e+66
7.4	6.27744e+66
7.41	6.27744e+66
7.42	6.27744e+66
7.43	6.27744e+66
7.44	6.27744e+66
7.45	6.27744e+66
7.46	6.27744e+66
7.47	6.27744e+66
7.48	6.27744e+66
7.49	6.27744e+66
7.5	6.27744e+66
7.51	6.27744e+66
7.52	6.27744e+66
7.53	6.27744e+66
7.54	6.27744e+66
7.55	6.27744e+66
7.56	6.27744e+66
7.57	6.27744e+66
7.58	6.27744e+66
7.59	6.27744e+66
7.6	6.27744e+66
7.61	6.27744e+66
7.62	6.27744e+66
7.63	6.27744e+66
7.64	6.27744e+66
7.65	6.27744e+66
7.66	6.27744e+66
7.67	6.27744e+66
7.68	6.27744e+66
7.69	6.27744e+66
7.7	6.27744e+66
7.71	6.27744e+66
7.72	6.27744e+66
7.73	6.27744e+66
7.74	6.27744e+66
7.75	6.27744e+66
7.76	6.27744e+66
7.77	6.27744e+66
7.78	6.27744e+66
7.79	6.27744e+66
7.8	6.27744e+66
7.81	6.27744e+66
7.82	6.27744e+66
7.83	6.27744e+66
7.84	6.27744e+66
7.85	6.27744e+66
7.86	6.27744e+66
7.87	6.27744e+66
7.88	6.27744e+66
7.89	6.27744e+66
7.9	6.27744e+66
7.91	6.27744e+66
7.92	6.27744e+66
7.93	6.27744e+66
7.94	6.27744e+66
7.95	6.27744e+66
7.96	6.27744e+66
7.97	6.27744e+66
7.98	6.27744e+66
7.99	6.27744e+66
8	6.27744e+66
8.01	6.27744e+66
8.02	6.27744e+66
8.03	6.27744e+66
8.04	6.27744e+66
8.05	6.27744e+66
8.06	6.27744e+66
8.07	6.27744e+66
8.08	6.27744e+66
8.09	6.27744e+66
8.1	6.27744e+66
8.11	6.27744e+66
8.12	6.27744e+66
8.13	6.27744e+66
8.14	6.27744e+66
8.15	6.27744e+66
8.16	6.27744e+66
8.17	6.27744e+66
8.18	6.27744e+66
8.19	6.27744e+66
8.2	6.27744e+66
8.21	6.27744e+66
8.22	6.27744e+66
8.23	6.27744e+66
8.24	6.27744e+66
8.25	6.27744e+66
8.26	6.27744e+66
8.27	6.27744e+66
8.28	6.27744e+66
8.29	6.27744e+66
8.3	6.27744e+66
8.31	6.27744e+66
8.32	6.27744e+66
8.33	6.27744e+66
8.34	6.27744e+66
8.35	6.27744e+66
8.36	6.27744e+66
8.37	6.27744e+66
8.38	6.27744e+66
8.39	6.27744e+66
8.4	6.27744e+66
8.41	6.27744e+66
8.42	6.27744e+66
8.43	6.27744e+66
8.44	6.27744e+66
8.45	6.27744e+66
8.46	6.27744e+66
8.47	6.27744e+66
8.48	6.27744e+66
8.49	6.27744e+66
8.5	6.27744e+66
8.51	6.27744e+66
8.52	6.27744e+66
8.53	6.27744e+66
8.54	6.27744e+66
8.55	6.27744e+66
8.56	6.27744e+66
8.57	6.27744e+66
8.58	6.27744e+66
8.59	6.27744e+66
8.6	6.27744e+66
8.61	6.27744e+66
8.62	6.27744e+66
8.63	6.27744e+66
8.64	6.27744e+66
8.65	6.27744e+66
8.66	6.27744e+66
8.67	6.27744e+66
8.68	6.27744e+66
8.69	6.27744e+66
8.7	6.27744e+66
8.71	6.27744e+66
8.72	6.27744e+66
8.73	6.27744e+66
8.74	6.27744e+66
8.75	6.27744e+66
8.76	6.27744e+66
8.77	6.27744e+66
8.78	6.27744e+66
8.79	6.27744e+66
8.8	6.27744e+66
8.81	6.27744e+66
8.82	6.27744e+66
8.83	6.27744e+66
8.84	6.27744e+66
8.85	6.27744e+66
8.86	6.27744e+66
8.87	6.27744e+66
8.88	6.27744e+66
8.89	6.27744e+66
8.9	6.27744e+66
8.91	6.27744e+66
8.92	6.27744e+66
8.93	6.27744e+66
8.94	6.27744e+66
8.95	6.27744e+66
8.96	6.27744e+66
8.97	6.27744e+66
8.98	6.27744e+66
8.99	6.27744e+66
9	6.27744e+66
9.01	6.27744e+66
9.02	6.27744e+66
9.03	6.27744e+66
9.04	6.27744e+66
9.05	6.27744e+66
9.06	6.27744e+66
9.07	6.27744e+66
9.08	6.27744e+66
9.09	6.27744e+66
9.1	6.27744e+66
9.11	6.27744e+66
9.12	6.27744e+66
9.13	6.27744e+66
9.14	6.27744e+66
9.15	6.27744e+66
9.16	6.27744e+66
9.17	6.27744e+66
9.18	6.27744e+66
9.19	6.27744e+66
9.2	6.27744e+66
9.21	6.27744e+66
9.22	6.27744e+66
9.23	6.27744e+66
9.24	6.27744e+66
9.25	6.27744e+66
9.26	6.27744e+66
9.27	6.27744e+66
9.28	6.27744e+66
9.29	6.27744e+66
9.3	6.27744e+66
9.31	6.27744e+66
9.32	6.27744e+66
9.33	6.27744e+66
9.34	6.27744e+66
9.35	6.27744e+66
9.36	6.27744e+66
9.37	6.27744e+66
9.38	6.27744e+66
9.39	6.27744e+66
9.4	6.27744e+66
9.41	6.27744e+66
9.42	6.27744e+66
9.43	6.27744e+66
9.44	6.27744e+66
9.45	6.27744e+66
9.46	6.27744e+66
9.47	6.27744e+66
9.48	6.27744e+66
9.49	6.27744e+66
9.5	6.27744e+66
9.51	6.27744e+66
9.52	6.27744e+66
9.53	6.27744e+66
9.54	6.27744e+66
9.55	6.27744e+66
9.56	6.27744e+66
9.57	6.27744e+66
9.58	6.27744e+66
9.59	6.27744e+66
9.6	6.27744e+66
9.61	6.27744e+66
9.62	6.27744e+66
9.63	6.27744e+66
9.64	6.27744e+66
9.65	6.27744e+66
9.66	6.27744e+66
9.67	6.27744e+66
9.68	6.27744e+66
9.69	6.27744e+66
9.7	6.27744e+66
9.71	6.27744e+66
9.72	6.27744e+66
9.73	6.27744e+66
9.74	6.27744e+66
9.75	6.27744e+66
9.76	6.27744e+66
9.77	6.27744e+66
9.78	6.27744e+66
9.79	6.27744e+66
9.8	6.27744e+66
9.81	6.27744e+66
9.82	6.27744e+66
9.83	6.27744e+66
9.84	6.27744e+66
9.85	6.27744e+66
9.86	6.27744e+66
9.87	6.27744e+66
9.88	6.27744e+66
9.89	6.27744e+66
9.9	6.27744e+66
9.91	6.27744e+66
9.92	6.27744e+66
9.93	6.27744e+66
9.94	6.27744e+66
9.95	6.27744e+66
9.96	6.27744e+66
9.97	6.27744e+66
9.98	6.27744e+66
9.99	6.27744e+66
